0.000000000000000000e+00 0.000000000000000000e+00 0.000000000000000000e+00 0.000000000000000000e+00
1.416525272140664420e-02 1.006175302132983123e-03 0.000000000000000000e+00 1.006175302132983123e-03
2.833050544281328839e-02 4.024701208531932493e-03 0.000000000000000000e+00 4.024701208531932493e-03
4.249575816421993779e-02 9.055577719196844858e-03 0.000000000000000000e+00 9.055577719196844858e-03
5.666101088562657678e-02 1.609880483412772997e-02 0.000000000000000000e+00 1.609880483412772997e-02
7.082626360703322965e-02 2.515438255332456616e-02 0.000000000000000000e+00 2.515438255332456616e-02
8.499151632843987558e-02 3.622231087678737943e-02 0.000000000000000000e+00 3.622231087678737943e-02
9.915676904984652151e-02 4.930258980451619061e-02 0.000000000000000000e+00 4.930258980451619061e-02
1.133220217712531536e-01 6.439521933651091989e-02 0.000000000000000000e+00 6.439521933651091989e-02
1.274872744926598134e-01 8.150019947277169219e-02 0.000000000000000000e+00 8.150019947277169219e-02
1.416525272140664593e-01 1.006175302132982646e-01 0.000000000000000000e+00 1.006175302132982646e-01
1.558177799354731052e-01 1.217472115580912617e-01 0.000000000000000000e+00 1.217472115580912617e-01
1.699830326568797512e-01 1.448892435071495177e-01 0.000000000000000000e+00 1.448892435071495177e-01
1.841482853782863971e-01 1.700436260604744065e-01 0.000000000000000000e+00 1.700436260604744065e-01
1.983135380996930430e-01 1.972103592180647624e-01 0.000000000000000000e+00 1.972103592180647624e-01
2.124787908210996612e-01 2.263894429799212238e-01 0.000000000000000000e+00 2.263894429799212238e-01
2.266440435425063071e-01 2.575808773460436796e-01 0.000000000000000000e+00 2.575808773460436796e-01
2.408092962639129531e-01 2.907846623164325184e-01 0.000000000000000000e+00 2.907846623164325184e-01
2.549745489853196267e-01 3.260006681309834398e-01 1.258864093478907990e-07 3.260007940173927921e-01
2.691398017067262449e-01 3.632249916977588478e-01 4.134533155107499560e-06 3.632291262309139679e-01
2.833050544281329186e-01 2.978085548768707341e-04 1.091791441017465475e-01 1.094769526566234247e-01
2.974703071495395368e-01 2.807891616966237398e-04 1.092243743336969303e-01 1.095051634953935482e-01
3.116355598709462105e-01 2.666705726350366039e-04 1.092639447975282951e-01 1.095306153701633284e-01
3.258008125923528286e-01 2.550364911349010206e-04 1.092987562921978045e-01 1.095537927833327013e-01
3.399660653137595023e-01 2.455488830859488768e-04 1.093295371177903930e-01 1.095750860008763428e-01
3.541313180351661205e-01 2.379390395378193346e-04 1.093568741636485459e-01 1.095948132031863698e-01
3.682965707565727942e-01 2.319564076246861885e-04 1.093812779407080382e-01 1.096132343483327276e-01
3.824618234779794124e-01 2.274128914801192415e-04 1.094031507316582941e-01 1.096305636231384162e-01
3.966270761993860861e-01 2.241508544389345093e-04 1.094228284398569284e-01 1.096469792942958571e-01
4.107923289207927042e-01 2.220373940341180939e-04 1.094405932883646820e-01 1.096626306823988012e-01
