0.000000000000000000e+00 0.000000000000000000e+00
1.416525272140664420e-02 1.445852439050807903e-01
2.833050544281328839e-02 2.891704878101615805e-01
4.249575816421993779e-02 4.337557317152421765e-01
5.666101088562657678e-02 5.783409756203231611e-01
7.082626360703322965e-02 7.229262195254048118e-01
8.499151632843987558e-02 8.675114634304843531e-01
9.915676904984652151e-02 1.012096707335567114e+00
1.133220217712531536e-01 1.156681951240646322e+00
1.274872744926598134e-01 1.301267195145727751e+00
1.416525272140664593e-01 1.445852439050809624e+00
1.558177799354731052e-01 1.590437682955889498e+00
1.699830326568797512e-01 1.735022926860968706e+00
1.841482853782863971e-01 1.879608170766051689e+00
1.983135380996930430e-01 2.024193414671134228e+00
2.124787908210996612e-01 2.168778658576213658e+00
2.266440435425063071e-01 2.313363902481292644e+00
2.408092962639129531e-01 2.457949146386376515e+00
2.549745489853196267e-01 2.602599137921138173e+00
2.691398017067262449e-01 2.747582344583043401e+00
2.833050544281329186e-01 2.163281828468001204e-03
2.974703071495395368e-01 1.946251971677384358e-03
3.116355598709462105e-01 1.765146478478997949e-03
3.258008125923528286e-01 1.615691876746413362e-03
3.399660653137595023e-01 1.491839085801259122e-03
3.541313180351661205e-01 1.388952541995904476e-03
3.682965707565727942e-01 1.303131949469832091e-03
3.824618234779794124e-01 1.231457022060410394e-03
3.966270761993860861e-01 1.171586603716433250e-03
4.107923289207927042e-01 1.121628966766363093e-03
