0.000000000000000000e+00 0.000000000000000000e+00
1.416525272140664420e-02 1.000000000000000000e+00
2.833050544281328839e-02 2.000000000000000000e+00
4.249575816421993779e-02 3.000000000000000000e+00
5.666101088562657678e-02 4.000000000000000000e+00
7.082626360703322965e-02 5.000000000000000000e+00
8.499151632843987558e-02 6.000000000000000000e+00
9.915676904984652151e-02 7.000000000000000000e+00
1.133220217712531536e-01 8.000000000000000000e+00
1.274872744926598134e-01 9.000000000000000000e+00
1.416525272140664593e-01 1.000000000000000000e+01
1.558177799354731052e-01 1.100000000000000000e+01
1.699830326568797512e-01 1.200000000000000000e+01
1.841482853782863971e-01 1.300000000000000000e+01
1.983135380996930430e-01 1.400000000000000000e+01
2.124787908210996612e-01 1.500000000000000000e+01
2.266440435425063071e-01 1.600000000000000000e+01
2.408092962639129531e-01 1.700000000000000000e+01
2.549745489853196267e-01 1.800000000000000000e+01
2.691398017067262449e-01 1.900000000000000000e+01
2.833050544281329186e-01 2.000000000000000000e+01
2.974703071495395368e-01 2.100000000000000000e+01
3.116355598709462105e-01 2.200000000000000000e+01
3.258008125923528286e-01 2.300000000000000000e+01
3.399660653137595023e-01 2.400000000000000000e+01
3.541313180351661205e-01 2.500000000000000000e+01
3.682965707565727942e-01 2.600000000000000000e+01
3.824618234779794124e-01 2.700000000000000000e+01
3.966270761993860861e-01 2.800000000000000000e+01
4.107923289207927042e-01 2.900000000000000000e+01
