0.000000000000000000e+00 0.000000000000000000e+00 0.000000000000000000e+00 0.000000000000000000e+00
4.081632653061224858e-03 1.703710509275081948e-03 0.000000000000000000e+00 1.703710509275081948e-03
8.163265306122449716e-03 6.814842037100327793e-03 0.000000000000000000e+00 6.814842037100327793e-03
1.224489795918367457e-02 1.533339458347574361e-02 0.000000000000000000e+00 1.533339458347574361e-02
1.632653061224489943e-02 2.725936814840131117e-02 0.000000000000000000e+00 2.725936814840131117e-02
2.040816326530612429e-02 4.259276273187708600e-02 0.000000000000000000e+00 4.259276273187708600e-02
2.448979591836734915e-02 6.133357833390297442e-02 0.000000000000000000e+00 6.133357833390297442e-02
2.857142857142857401e-02 8.348181495447880296e-02 0.000000000000000000e+00 8.348181495447880296e-02
3.265306122448979886e-02 1.090374725936052447e-01 0.000000000000000000e+00 1.090374725936052447e-01
3.673469387755102372e-02 1.380005512512809118e-01 0.000000000000000000e+00 1.380005512512809118e-01
4.081632653061224858e-02 1.703710509275083440e-01 0.000000000000000000e+00 1.703710509275083440e-01
4.489795918367347344e-02 2.061489716222849322e-01 0.000000000000000000e+00 2.061489716222849322e-01
4.897959183673469830e-02 2.453343133356118977e-01 0.000000000000000000e+00 2.453343133356118977e-01
5.306122448979592315e-02 2.879270760674897955e-01 0.000000000000000000e+00 2.879270760674897955e-01
5.714285714285714801e-02 3.339272598179152118e-01 0.000000000000000000e+00 3.339272598179152118e-01
6.122448979591837287e-02 3.833348645868934201e-01 0.000000000000000000e+00 3.833348645868934201e-01
6.530612244897959773e-02 4.361498903744209787e-01 0.000000000000000000e+00 4.361498903744209787e-01
6.938775510204081565e-02 4.923723371804988869e-01 0.000000000000000000e+00 4.923723371804988869e-01
7.346938775510204744e-02 5.520022050051236473e-01 0.000000000000000000e+00 5.520022050051236473e-01
7.755102040816327924e-02 6.150391674695752098e-01 3.258158826236185638e-07 6.150394932854578167e-01
8.163265306122449716e-02 6.783920618963349414e-01 3.010085427823774255e-03 6.814021473241587135e-01
8.571428571428571508e-02 7.276446069869370037e-01 2.252714103798044223e-02 7.501717480249174841e-01
8.979591836734694688e-02 7.371820190071787238e-01 8.163607608477410627e-02 8.188180950919528023e-01
9.387755102040817867e-02 5.681527635782480656e-01 3.010334678881690373e-01 8.691862314664171585e-01
9.795918367346939659e-02 5.314868131029628628e-01 3.826574592867294511e-01 9.141442723896923139e-01
1.020408163265306145e-01 5.242546121743101306e-01 4.328527329500967413e-01 9.571073451244068719e-01
1.061224489795918463e-01 5.155009630150534372e-01 4.822452669551939852e-01 9.977462299702474224e-01
1.102040816326530781e-01 5.021588740632759729e-01 5.337809167280133105e-01 1.035939790791289283e+00
1.142857142857142960e-01 4.965997828122165059e-01 5.754685685212043156e-01 1.072068351333420821e+00
1.183673469387755139e-01 4.807234999472013715e-01 6.255532156911508546e-01 1.106276715638352171e+00
1.224489795918367457e-01 4.694167099537905341e-01 6.687527008133271611e-01 1.138169410767117640e+00
1.265306122448979775e-01 4.421547333453633710e-01 7.255292367193634240e-01 1.167683970064726795e+00
1.306122448979591955e-01 4.034026699703217589e-01 7.903535392997093068e-01 1.193756209270031121e+00
1.346938775510204134e-01 3.518334454804772360e-01 8.642768793972664954e-01 1.216110324877743842e+00
1.387755102040816313e-01 1.548630629792946689e-01 1.014630023023424643e+00 1.169493086002719284e+00
1.428571428571428770e-01 1.252680287895761684e-02 1.108613329187062568e+00 1.121140132066020145e+00
1.469387755102040949e-01 1.203592916772531531e-02 1.109797355208277381e+00 1.121833284376002604e+00
1.510204081632653128e-01 1.149383152853713196e-02 1.110984022277367478e+00 1.122477853805904591e+00
1.551020408163265585e-01 1.099163477667837278e-02 1.112085742911623321e+00 1.123077377688301626e+00
1.591836734693877764e-01 1.052528486070690959e-02 1.113110910713843049e+00 1.123636195574549967e+00
1.632653061224489943e-01 1.009046470492674930e-02 1.114067594085989876e+00 1.124158058790916570e+00
1.673469387755102122e-01 9.684402262039945239e-03 1.114961874826014387e+00 1.124646277088054314e+00
1.714285714285714302e-01 9.303460173052720966e-03 1.115800316733684516e+00 1.125103776906737130e+00
1.755102040816326758e-01 8.946054643824837352e-03 1.116587081897467693e+00 1.125533136541292611e+00
1.795918367346938938e-01 8.610554066625900407e-03 1.117326147103367084e+00 1.125936701169993004e+00
1.836734693877551117e-01 8.295487822989002294e-03 1.118021091498097919e+00 1.126316579321086975e+00
1.877551020408163573e-01 7.998882328952211518e-03 1.118675787251969256e+00 1.126674669580921551e+00
1.918367346938775753e-01 7.719264604656429947e-03 1.119293404655498314e+00 1.127012669260154754e+00
1.959183673469387932e-01 7.455390458895093039e-03 1.119876722303615901e+00 1.127332112762510885e+00
2.000000000000000111e-01 7.206326065365548789e-03 1.120428069121438774e+00 1.127634395186804417e+00
