0.000000000000000000e+00 0.000000000000000000e+00
4.081632653061224858e-03 5.415064374340697873e-01
8.163265306122449716e-03 1.083012874868139575e+00
1.224489795918367457e-02 1.624519312302211693e+00
1.632653061224489943e-02 2.166025749736279149e+00
2.040816326530612429e-02 2.707532187170348603e+00
2.448979591836734915e-02 3.249038624604423386e+00
2.857142857142857401e-02 3.790545062038487956e+00
3.265306122448979886e-02 4.332051499472558298e+00
3.673469387755102372e-02 4.873557936906625088e+00
4.081632653061224858e-02 5.415064374340697206e+00
4.489795918367347344e-02 5.956570811774766661e+00
4.897959183673469830e-02 6.498077249208846773e+00
5.306122448979592315e-02 7.039583686642909122e+00
5.714285714285714801e-02 7.581090124076975911e+00
6.122448979591837287e-02 8.122596561511048918e+00
6.530612244897959773e-02 8.664102998945116596e+00
6.938775510204081565e-02 9.205609436379189603e+00
7.346938775510204744e-02 9.747115873813250175e+00
7.755102040816327924e-02 1.028862223200534665e+01
8.163265306122449716e-02 1.082877575121980307e+01
8.571428571428571508e-02 1.135958687431813274e+01
8.979591836734694688e-02 1.187423957144422637e+01
9.387755102040817867e-02 1.245768844740788239e+01
9.795918367346939659e-02 1.306772633609884515e+01
1.020408163265306145e-01 1.367821261891234208e+01
1.061224489795918463e-01 1.431059618587544868e+01
1.102040816326530781e-01 1.497472800981756968e+01
1.142857142857142960e-01 1.566238702766390922e+01
1.183673469387755139e-01 1.642346804347096523e+01
1.224489795918367457e-01 1.722687090712760494e+01
1.265306122448979775e-01 1.819267119484593920e+01
1.306122448979591955e-01 1.932498772885554672e+01
1.346938775510204134e-01 2.071905352666140487e+01
1.387755102040816313e-01 1.074367172508300605e+01
1.428571428571428770e-01 3.758096309217511255e-01
1.469387755102040949e-01 3.509790364754075687e-01
1.510204081632653128e-01 3.249664019113446822e-01
1.551020408163265585e-01 3.016007144423012432e-01
1.591836734693877764e-01 2.805147397539718979e-01
1.632653061224489943e-01 2.614508284326998444e-01
1.673469387755102122e-01 2.442127188126449189e-01
1.714285714285714302e-01 2.283933177866049602e-01
1.755102040816326758e-01 2.139432473835685133e-01
1.795918367346938938e-01 2.007426699122932534e-01
1.836734693877551117e-01 1.886634382205899796e-01
1.877551020408163573e-01 1.775797136931205056e-01
1.918367346938775753e-01 1.673854193753119002e-01
1.959183673469387932e-01 1.579913276143634360e-01
2.000000000000000111e-01 1.493192557967525091e-01
