0.000000000000000000e+00 0.000000000000000000e+00
4.081632653061224858e-03 1.000000000000000000e+00
8.163265306122449716e-03 2.000000000000000000e+00
1.224489795918367457e-02 3.000000000000000000e+00
1.632653061224489943e-02 4.000000000000000000e+00
2.040816326530612429e-02 5.000000000000000000e+00
2.448979591836734915e-02 6.000000000000000000e+00
2.857142857142857401e-02 7.000000000000000000e+00
3.265306122448979886e-02 8.000000000000000000e+00
3.673469387755102372e-02 9.000000000000000000e+00
4.081632653061224858e-02 1.000000000000000000e+01
4.489795918367347344e-02 1.100000000000000000e+01
4.897959183673469830e-02 1.200000000000000000e+01
5.306122448979592315e-02 1.300000000000000000e+01
5.714285714285714801e-02 1.400000000000000000e+01
6.122448979591837287e-02 1.500000000000000000e+01
6.530612244897959773e-02 1.600000000000000000e+01
6.938775510204081565e-02 1.700000000000000000e+01
7.346938775510204744e-02 1.800000000000000000e+01
7.755102040816327924e-02 1.900000000000000000e+01
8.163265306122449716e-02 2.000000000000000000e+01
8.571428571428571508e-02 2.100000000000000000e+01
8.979591836734694688e-02 2.200000000000000000e+01
9.387755102040817867e-02 2.300000000000000000e+01
9.795918367346939659e-02 2.400000000000000000e+01
1.020408163265306145e-01 2.500000000000000000e+01
1.061224489795918463e-01 2.600000000000000000e+01
1.102040816326530781e-01 2.700000000000000000e+01
1.142857142857142960e-01 2.800000000000000000e+01
1.183673469387755139e-01 2.900000000000000000e+01
1.224489795918367457e-01 3.000000000000000000e+01
1.265306122448979775e-01 3.100000000000000000e+01
1.306122448979591955e-01 3.200000000000000000e+01
1.346938775510204134e-01 3.300000000000000000e+01
1.387755102040816313e-01 3.400000000000000000e+01
1.428571428571428770e-01 3.500000000000000000e+01
1.469387755102040949e-01 3.600000000000000000e+01
1.510204081632653128e-01 3.700000000000000000e+01
1.551020408163265585e-01 3.800000000000000000e+01
1.591836734693877764e-01 3.900000000000000000e+01
1.632653061224489943e-01 4.000000000000000000e+01
1.673469387755102122e-01 4.100000000000000000e+01
1.714285714285714302e-01 4.200000000000000000e+01
1.755102040816326758e-01 4.300000000000000000e+01
1.795918367346938938e-01 4.400000000000000000e+01
1.836734693877551117e-01 4.500000000000000000e+01
1.877551020408163573e-01 4.600000000000000000e+01
1.918367346938775753e-01 4.700000000000000000e+01
1.959183673469387932e-01 4.800000000000000000e+01
2.000000000000000111e-01 4.900000000000000000e+01
