0.000000000000000000e+00 0.000000000000000000e+00 0.000000000000000000e+00 0.000000000000000000e+00
1.037407290854668561e-02 5.381074816661551331e-03 0.000000000000000000e+00 5.381074816661551331e-03
2.074814581709337122e-02 2.152429926664620533e-02 0.000000000000000000e+00 2.152429926664620533e-02
3.112221872564005509e-02 4.842967334995394030e-02 0.000000000000000000e+00 4.842967334995394030e-02
4.149629163418674244e-02 8.609719706658482130e-02 0.000000000000000000e+00 8.609719706658482130e-02
5.187036454273342978e-02 1.345268704165387408e-01 0.000000000000000000e+00 1.345268704165387408e-01
6.224443745128011019e-02 1.937186933998157612e-01 0.000000000000000000e+00 1.937186933998157612e-01
7.261851035982680447e-02 2.636726660164159242e-01 0.000000000000000000e+00 2.636726660164159242e-01
8.299258326837348487e-02 3.443887882663392852e-01 0.000000000000000000e+00 3.443887882663392852e-01
9.336665617692016528e-02 4.358670601495855945e-01 0.000000000000000000e+00 4.358670601495855945e-01
1.037407290854668596e-01 5.381074816661549631e-01 0.000000000000000000e+00 5.381074816661549631e-01
1.141148019940135400e-01 6.511100528160478351e-01 0.000000000000000000e+00 6.511100528160478351e-01
1.244888749025602204e-01 7.748747735992630448e-01 0.000000000000000000e+00 7.748747735992630448e-01
1.348629478111069147e-01 9.094016440158018133e-01 0.000000000000000000e+00 9.094016440158018133e-01
1.452370207196536089e-01 1.054690664065663697e+00 0.000000000000000000e+00 1.054690664065663697e+00
1.556110936282002755e-01 1.210741833748849583e+00 0.000000000000000000e+00 1.210741833748849583e+00
1.659851665367469697e-01 1.377555153065357141e+00 0.000000000000000000e+00 1.377555153065357141e+00
1.763592394452936640e-01 1.555130622015187258e+00 0.000000000000000000e+00 1.555130622015187258e+00
1.867333123538403306e-01 1.743468240598342378e+00 0.000000000000000000e+00 1.743468240598342378e+00
1.971073852623870248e-01 1.288033662689018824e-02 1.047360058305453645e+00 1.060240394932343788e+00
2.074814581709337191e-01 1.200071887667354155e-02 1.049515619889467510e+00 1.061516338766141043e+00
2.178555310794803856e-01 1.119550226615474188e-02 1.051452272361506735e+00 1.062647774627661468e+00
2.282296039880270799e-01 1.045862155430001862e-02 1.053196179060156723e+00 1.063654800614456830e+00
2.386036768965737742e-01 2.181175352984581709e-03 1.060695516095360613e+00 1.062876691448345179e+00
2.489777498051204407e-01 1.978149305992615153e-03 1.061074994006355077e+00 1.063053143312347792e+00
2.593518227136671350e-01 1.825427350479097042e-03 1.061382622291688005e+00 1.063208049642167197e+00
2.697258956222138293e-01 1.708461493302583772e-03 1.061637984372032939e+00 1.063346445865335443e+00
2.800999685307605236e-01 1.617730635440518079e-03 1.061854086563454036e+00 1.063471817198894609e+00
2.904740414393072179e-01 1.545117681429709032e-03 1.062041587712116764e+00 1.063586705393546383e+00
