0.000000000000000000e+00 0.000000000000000000e+00
1.037407290854668561e-02 1.037408328261955059e+00
2.074814581709337122e-02 2.074816656523910119e+00
3.112221872564005509e-02 3.112224984785869175e+00
4.149629163418674244e-02 4.149633313047820238e+00
5.187036454273342978e-02 5.187041641309779294e+00
6.224443745128011019e-02 6.224449969571738350e+00
7.261851035982680447e-02 7.261858297833700071e+00
8.299258326837348487e-02 8.299266626095640476e+00
9.336665617692016528e-02 9.336674954357610190e+00
1.037407290854668596e-01 1.037408328261955859e+01
1.141148019940135400e-01 1.141149161088152297e+01
1.244888749025602204e-01 1.244889993914347670e+01
1.348629478111069147e-01 1.348630826740543220e+01
1.452370207196536089e-01 1.452371659566740014e+01
1.556110936282002755e-01 1.556112492392933611e+01
1.659851665367469697e-01 1.659853325219128095e+01
1.763592394452936640e-01 1.763594158045325599e+01
1.867333123538403306e-01 1.867334990871522038e+01
1.971073852623870248e-01 1.307498576036290605e-01
2.074814581709337191e-01 1.156919501355407470e-01
2.178555310794803856e-01 1.028758031571185422e-01
2.282296039880270799e-01 9.171788779166385741e-02
2.386036768965737742e-01 1.831533681801449792e-02
2.489777498051204407e-01 1.593753887857834659e-02
2.593518227136671350e-01 1.409863891864461538e-02
2.697258956222138293e-01 1.267874213375602514e-02
2.800999685307605236e-01 1.158550674241369365e-02
2.904740414393072179e-01 1.066009148181952006e-02
