0.000000000000000000e+00 0.000000000000000000e+00
1.037407290854668561e-02 1.000000000000000000e+00
2.074814581709337122e-02 2.000000000000000000e+00
3.112221872564005509e-02 3.000000000000000000e+00
4.149629163418674244e-02 4.000000000000000000e+00
5.187036454273342978e-02 5.000000000000000000e+00
6.224443745128011019e-02 6.000000000000000000e+00
7.261851035982680447e-02 7.000000000000000000e+00
8.299258326837348487e-02 8.000000000000000000e+00
9.336665617692016528e-02 9.000000000000000000e+00
1.037407290854668596e-01 1.000000000000000000e+01
1.141148019940135400e-01 1.100000000000000000e+01
1.244888749025602204e-01 1.200000000000000000e+01
1.348629478111069147e-01 1.300000000000000000e+01
1.452370207196536089e-01 1.400000000000000000e+01
1.556110936282002755e-01 1.500000000000000000e+01
1.659851665367469697e-01 1.600000000000000000e+01
1.763592394452936640e-01 1.700000000000000000e+01
1.867333123538403306e-01 1.800000000000000000e+01
1.971073852623870248e-01 1.900000000000000000e+01
2.074814581709337191e-01 2.000000000000000000e+01
2.178555310794803856e-01 2.100000000000000000e+01
2.282296039880270799e-01 2.200000000000000000e+01
2.386036768965737742e-01 2.300000000000000000e+01
2.489777498051204407e-01 2.400000000000000000e+01
2.593518227136671350e-01 2.500000000000000000e+01
2.697258956222138293e-01 2.600000000000000000e+01
2.800999685307605236e-01 2.700000000000000000e+01
2.904740414393072179e-01 2.800000000000000000e+01
